-0.600000
-0.575612
-0.550459
-0.524556
-0.497925
-0.470588
-0.442571
-0.413903
-0.384615
-0.354743
-0.324324
-0.293399
-0.262009
-0.230200
-0.198020
-0.165517
-0.132743
-0.099751
-0.066593
-0.033324
0.000000
0.033324
0.066593
0.099751
0.132743
0.165517
0.198020
0.230200
0.262009
0.293399
0.324324
0.354743
0.384615
0.413903
0.442571
0.470588
0.497925
0.524556
0.550459
0.575612
0.600000

-0.637620
-0.612081
-0.585683
-0.558445
-0.530387
-0.501532
-0.471910
-0.441551
-0.410490
-0.378766
-0.346420
-0.313498
-0.280047
-0.246118
-0.211765
-0.177043
-0.142012
-0.106730
-0.071259
-0.035661
0.000000
0.035661
0.071259
0.106730
0.142012
0.177043
0.211765
0.246118
0.280047
0.313498
0.346420
0.378766
0.410490
0.441551
0.471910
0.501532
0.530387
0.558445
0.585683
0.612081
0.637620

-0.678733
-0.651987
-0.624277
-0.595620
-0.566038
-0.535555
-0.504202
-0.472012
-0.439024
-0.405281
-0.370828
-0.335717
-0.300000
-0.263736
-0.226986
-0.189813
-0.152284
-0.114467
-0.076433
-0.038253
0.000000
0.038253
0.076433
0.114467
0.152284
0.189813
0.226986
0.263736
0.300000
0.335717
0.370828
0.405281
0.439024
0.472012
0.504202
0.535555
0.566038
0.595620
0.624277
0.651987
0.678733

-0.723764
-0.695758
-0.666667
-0.636505
-0.605296
-0.573066
-0.539846
-0.505673
-0.470588
-0.434639
-0.397878
-0.360360
-0.322148
-0.283305
-0.243902
-0.204012
-0.163711
-0.123077
-0.082192
-0.041138
0.000000
0.041138
0.082192
0.123077
0.163711
0.204012
0.243902
0.283305
0.322148
0.360360
0.397878
0.434639
0.470588
0.505673
0.539846
0.573066
0.605296
0.636505
0.666667
0.695758
0.723764

-0.773196
-0.743883
-0.713342
-0.681590
-0.648649
-0.614544
-0.579310
-0.542986
-0.505618
-0.467257
-0.427960
-0.387792
-0.346821
-0.305122
-0.262774
-0.219861
-0.176471
-0.132694
-0.088626
-0.044362
0.000000
0.044362
0.088626
0.132694
0.176471
0.219861
0.262774
0.305122
0.346821
0.387792
0.427960
0.467257
0.505618
0.542986
0.579310
0.614544
0.648649
0.681590
0.713342
0.743883
0.773196

-0.827586
-0.796924
-0.764873
-0.731445
-0.696662
-0.660550
-0.623145
-0.584489
-0.544629
-0.503625
-0.461538
-0.418442
-0.374415
-0.329541
-0.283912
-0.237624
-0.190779
-0.143483
-0.095847
-0.047981
0.000000
0.047981
0.095847
0.143483
0.190779
0.237624
0.283912
0.329541
0.374415
0.418442
0.461538
0.503625
0.544629
0.584489
0.623145
0.660550
0.696662
0.731445
0.764873
0.796924
0.827586

-0.887574
-0.855535
-0.821918
-0.786734
-0.750000
-0.711744
-0.672000
-0.630813
-0.588235
-0.544330
-0.499168
-0.452830
-0.405405
-0.356991
-0.307692
-0.257621
-0.206897
-0.155642
-0.103986
-0.052061
0.000000
0.052061
0.103986
0.155642
0.206897
0.257621
0.307692
0.356991
0.405405
0.452830
0.499168
0.544330
0.588235
0.630813
0.672000
0.711744
0.750000
0.786734
0.821918
0.855535
0.887574

-0.953895
-0.920468
-0.885246
-0.848233
-0.809444
-0.768902
-0.726644
-0.682713
-0.637168
-0.590076
-0.541516
-0.491579
-0.440367
-0.387991
-0.334572
-0.280243
-0.225141
-0.169412
-0.113208
-0.056684
0.000000
0.056684
0.113208
0.169412
0.225141
0.280243
0.334572
0.387991
0.440367
0.491579
0.541516
0.590076
0.637168
0.682713
0.726644
0.768902
0.809444
0.848233
0.885246
0.920468
0.953895

-1.027397
-0.992599
-0.955752
-0.916854
-0.875912
-0.832948
-0.787992
-0.741093
-0.692308
-0.641711
-0.589391
-0.535449
-0.480000
-0.423174
-0.365112
-0.305966
-0.245902
-0.185090
-0.123711
-0.061951
0.000000
0.061951
0.123711
0.185090
0.245902
0.305966
0.365112
0.423174
0.480000
0.535449
0.589391
0.641711
0.692308
0.741093
0.787992
0.832948
0.875912
0.916854
0.955752
0.992599
1.027397

-1.109057
-1.072941
-1.034483
-0.993668
-0.950495
-0.904977
-0.857143
-0.807036
-0.754717
-0.700265
-0.643777
-0.585366
-0.525164
-0.463320
-0.400000
-0.335383
-0.269663
-0.203046
-0.135747
-0.067989
0.000000
0.067989
0.135747
0.203046
0.269663
0.335383
0.400000
0.463320
0.525164
0.585366
0.643777
0.700265
0.754717
0.807036
0.857143
0.904977
0.950495
0.993668
1.034483
1.072941
1.109057

-1.200000
-1.162672
-1.122661
-1.079936
-1.034483
-0.986301
-0.935412
-0.881854
-0.825688
-0.766996
-0.705882
-0.642475
-0.576923
-0.509400
-0.440098
-0.369231
-0.297030
-0.223741
-0.149626
-0.074953
0.000000
0.074953
0.149626
0.223741
0.297030
0.369231
0.440098
0.509400
0.576923
0.642475
0.705882
0.766996
0.825688
0.881854
0.935412
0.986301
1.034483
1.079936
1.122661
1.162672
1.200000

-1.301518
-1.263158
-1.221719
-1.177149
-1.129412
-1.078490
-1.024390
-0.967142
-0.906801
-0.843450
-0.777202
-0.708197
-0.636605
-0.562626
-0.486486
-0.408441
-0.328767
-0.247763
-0.165746
-0.083045
0.000000
0.083045
0.165746
0.247763
0.328767
0.408441
0.486486
0.562626
0.636605
0.708197
0.777202
0.843450
0.906801
0.967142
1.024390
1.078490
1.129412
1.177149
1.221719
1.263158
1.301518

-1.415094
-1.375981
-1.333333
-1.287066
-1.237113
-1.183432
-1.126005
-1.064846
-1.000000
-0.931546
-0.859599
-0.784314
-0.705882
-0.624535
-0.540541
-0.454201
-0.365854
-0.275862
-0.184615
-0.092521
0.000000
0.092521
0.184615
0.275862
0.365854
0.454201
0.540541
0.624535
0.705882
0.784314
0.859599
0.931546
1.000000
1.064846
1.126005
1.183432
1.237113
1.287066
1.333333
1.375981
1.415094

-1.542416
-1.502966
-1.459459
-1.411765
-1.359773
-1.303403
-1.242604
-1.177358
-1.107692
-1.033673
-0.955414
-0.873080
-0.786885
-0.697095
-0.604027
-0.508044
-0.409556
-0.309013
-0.206897
-0.103717
0.000000
0.103717
0.206897
0.309013
0.409556
0.508044
0.604027
0.697095
0.786885
0.873080
0.955414
1.033673
1.107692
1.177358
1.242604
1.303403
1.359773
1.411765
1.459459
1.502966
1.542416

-1.685393
-1.646209
-1.602374
-1.553694
-1.500000
-1.441153
-1.377049
-1.307628
-1.232877
-1.152838
-1.067616
-0.977376
-0.882353
-0.782852
-0.679245
-0.571973
-0.461538
-0.348500
-0.233463
-0.117073
0.000000
0.117073
0.233463
0.348500
0.461538
0.571973
0.679245
0.782852
0.882353
0.977376
1.067616
1.152838
1.232877
1.307628
1.377049
1.441153
1.500000
1.553694
1.602374
1.646209
1.685393

-1.846154
-1.808089
-1.764706
-1.715728
-1.660900
-1.600000
-1.532847
-1.459308
-1.379310
-1.292850
-1.200000
-1.100917
-0.995851
-0.885142
-0.769231
-0.648649
-0.524017
-0.396040
-0.265487
-0.133185
0.000000
0.133185
0.265487
0.396040
0.524017
0.648649
0.769231
0.885142
0.995851
1.100917
1.200000
1.292850
1.379310
1.459308
1.532847
1.600000
1.660900
1.715728
1.764706
1.808089
1.846154

-2.027027
-1.991266
-1.949458
-1.901212
-1.846154
-1.783944
-1.714286
-1.636936
-1.551724
-1.458564
-1.357466
-1.248555
-1.132075
-1.008403
-0.878049
-0.741656
-0.600000
-0.453972
-0.304569
-0.152866
0.000000
0.152866
0.304569
0.453972
0.600000
0.741656
0.878049
1.008403
1.132075
1.248555
1.357466
1.458564
1.551724
1.636936
1.714286
1.783944
1.846154
1.901212
1.949458
1.991266
2.027027

-2.230483
-2.198650
-2.160000
-2.113990
-2.060086
-1.997780
-1.926606
-1.846154
-1.756098
-1.656211
-1.546392
-1.426684
-1.297297
-1.158621
-1.011236
-0.855920
-0.693642
-0.525547
-0.352941
-0.177253
0.000000
0.177253
0.352941
0.525547
0.693642
0.855920
1.011236
1.158621
1.297297
1.426684
1.546392
1.656211
1.756098
1.846154
1.926606
1.997780
2.060086
2.113990
2.160000
2.198650
2.230483

-2.459016
-2.433298
-2.400000
-2.358382
-2.307692
-2.247191
-2.176166
-2.093960
-2.000000
-1.893831
-1.775148
-1.643836
-1.500000
-1.344000
-1.176471
-0.998336
-0.810811
-0.615385
-0.413793
-0.207972
0.000000
0.207972
0.413793
0.615385
0.810811
0.998336
1.176471
1.344000
1.500000
1.643836
1.775148
1.893831
2.000000
2.093960
2.176166
2.247191
2.307692
2.358382
2.400000
2.433298
2.459016

-2.714932
-2.698225
-2.673267
-2.639069
-2.594595
-2.538787
-2.470588
-2.388974
-2.292994
-2.181818
-2.054795
-1.911504
-1.751825
-1.575985
-1.384615
-1.178782
-0.960000
-0.730223
-0.491803
-0.247423
0.000000
0.247423
0.491803
0.730223
0.960000
1.178782
1.384615
1.575985
1.751825
1.911504
2.054795
2.181818
2.292994
2.388974
2.470588
2.538787
2.594595
2.639069
2.673267
2.698225
2.714932

-3.000000
-2.996058
-2.983425
-2.960813
-2.926829
-2.880000
-2.818792
-2.741652
-2.647059
-2.533589
-2.400000
-2.245322
-2.068966
-1.870824
-1.651376
-1.411765
-1.153846
-0.880196
-0.594059
-0.299252
0.000000
0.299252
0.594059
0.880196
1.153846
1.411765
1.651376
1.870824
2.068966
2.245322
2.400000
2.533589
2.647059
2.741652
2.818792
2.880000
2.926829
2.960813
2.983425
2.996058
3.000000

-3.314917
-3.328467
-3.333333
-3.327896
-3.310345
-3.278689
-3.230769
-3.164300
-3.076923
-2.966292
-2.830189
-2.666667
-2.474227
-2.252011
-2.000000
-1.719198
-1.411765
-1.081081
-0.731707
-0.369231
0.000000
0.369231
0.731707
1.081081
1.411765
1.719198
2.000000
2.252011
2.474227
2.666667
2.830189
2.966292
3.076923
3.164300
3.230769
3.278689
3.310345
3.327896
3.333333
3.328467
3.314917

-3.658537
-3.695300
-3.724138
-3.743119
-3.750000
-3.742204
-3.716814
-3.670588
-3.600000
-3.501326
-3.370787
-3.204748
-3.000000
-2.754098
-2.465753
-2.135231
-1.764706
-1.358491
-0.923077
-0.466926
0.000000
0.466926
0.923077
1.358491
1.764706
2.135231
2.465753
2.754098
3.000000
3.204748
3.370787
3.501326
3.600000
3.670588
3.716814
3.742204
3.750000
3.743119
3.724138
3.695300
3.658537

-4.026846
-4.093357
-4.153846
-4.206186
-4.247788
-4.275534
-4.285714
-4.273973
-4.235294
-4.164038
-4.054054
-3.898917
-3.692308
-3.428571
-3.103448
-2.714932
-2.264151
-1.756098
-1.200000
-0.609137
0.000000
0.609137
1.200000
1.756098
2.264151
2.714932
3.103448
3.428571
3.692308
3.898917
4.054054
4.164038
4.235294
4.273973
4.285714
4.275534
4.247788
4.206186
4.153846
4.093357
4.026846

-4.411765
-4.514851
-4.615385
-4.711316
-4.800000
-4.878049
-4.941176
-4.984026
-5.000000
-4.981132
-4.918033
-4.800000
-4.615385
-4.352332
-4.000000
-3.550296
-3.000000
-2.352941
-1.621622
-0.827586
0.000000
0.827586
1.621622
2.352941
3.000000
3.550296
4.000000
4.352332
4.615385
4.800000
4.918033
4.981132
5.000000
4.984026
4.941176
4.878049
4.800000
4.711316
4.615385
4.514851
4.411765

-4.800000
-4.945770
-5.094340
-5.244216
-5.393258
-5.538462
-5.675676
-5.799257
-5.901639
-5.972851
-6.000000
-5.966851
-5.853659
-5.637584
-5.294118
-4.800000
-4.137931
-3.302752
-2.307692
-1.188119
0.000000
1.188119
2.307692
3.302752
4.137931
4.800000
5.294118
5.637584
5.853659
5.966851
6.000000
5.972851
5.901639
5.799257
5.675676
5.538462
5.393258
5.244216
5.094340
4.945770
4.800000

-5.172414
-5.364706
-5.567010
-5.779037
-6.000000
-6.228374
-6.461538
-6.695279
-6.923077
-7.135135
-7.317073
-7.448276
-7.500000
-7.433628
-7.200000
-6.741573
-6.000000
-4.931507
-3.529412
-1.846154
0.000000
1.846154
3.529412
4.931507
6.000000
6.741573
7.200000
7.433628
7.500000
7.448276
7.317073
7.135135
6.923077
6.695279
6.461538
6.228374
6.000000
5.779037
5.567010
5.364706
5.172414

-5.504587
-5.743073
-6.000000
-6.276923
-6.575342
-6.896552
-7.241379
-7.609756
-8.000000
-8.407643
-8.823529
-9.230769
-9.600000
-9.882353
-10.000000
-9.836066
-9.230769
-8.000000
-6.000000
-3.243243
0.000000
3.243243
6.000000
8.000000
9.230769
9.836066
10.000000
9.882353
9.600000
9.230769
8.823529
8.407643
8.000000
7.609756
7.241379
6.896552
6.575342
6.276923
6.000000
5.743073
5.504587

-5.769231
-6.047745
-6.352941
-6.688525
-7.058824
-7.468880
-7.924528
-8.432432
-9.000000
-9.635036
-10.344828
-11.134021
-12.000000
-12.923077
-13.846154
-14.634146
-15.000000
-14.400000
-12.000000
-7.058824
0.000000
7.058824
12.000000
14.400000
15.000000
14.634146
13.846154
12.923077
12.000000
11.134021
10.344828
9.635036
9.000000
8.432432
7.924528
7.468880
7.058824
6.688525
6.352941
6.047745
5.769231

-5.940594
-6.246575
-6.585366
-6.962457
-7.384615
-7.860262
-8.400000
-9.017341
-9.729730
-10.560000
-11.538462
-12.705882
-14.117647
-15.849057
-18.000000
-20.689655
-24.000000
-27.692308
-30.000000
-24.000000
0.000000
24.000000
30.000000
27.692308
24.000000
20.689655
18.000000
15.849057
14.117647
12.705882
11.538462
10.560000
9.729730
9.017341
8.400000
7.860262
7.384615
6.962457
6.585366
6.246575
5.940594

-6.000000
-6.315789
-6.666667
-7.058824
-7.500000
-8.000000
-8.571429
-9.230769
-10.000000
-10.909091
-12.000000
-13.333333
-15.000000
-17.142857
-20.000000
-24.000000
-30.000000
-40.000000
-60.000000
-120.000000
-nan
120.000000
60.000000
40.000000
30.000000
24.000000
20.000000
17.142857
15.000000
13.333333
12.000000
10.909091
10.000000
9.230769
8.571429
8.000000
7.500000
7.058824
6.666667
6.315789
6.000000

-5.940594
-6.246575
-6.585366
-6.962457
-7.384615
-7.860262
-8.400000
-9.017341
-9.729730
-10.560000
-11.538462
-12.705882
-14.117647
-15.849057
-18.000000
-20.689655
-24.000000
-27.692308
-30.000000
-24.000000
0.000000
24.000000
30.000000
27.692308
24.000000
20.689655
18.000000
15.849057
14.117647
12.705882
11.538462
10.560000
9.729730
9.017341
8.400000
7.860262
7.384615
6.962457
6.585366
6.246575
5.940594

-5.769231
-6.047745
-6.352941
-6.688525
-7.058824
-7.468880
-7.924528
-8.432432
-9.000000
-9.635036
-10.344828
-11.134021
-12.000000
-12.923077
-13.846154
-14.634146
-15.000000
-14.400000
-12.000000
-7.058824
0.000000
7.058824
12.000000
14.400000
15.000000
14.634146
13.846154
12.923077
12.000000
11.134021
10.344828
9.635036
9.000000
8.432432
7.924528
7.468880
7.058824
6.688525
6.352941
6.047745
5.769231

-5.504587
-5.743073
-6.000000
-6.276923
-6.575342
-6.896552
-7.241379
-7.609756
-8.000000
-8.407643
-8.823529
-9.230769
-9.600000
-9.882353
-10.000000
-9.836066
-9.230769
-8.000000
-6.000000
-3.243243
0.000000
3.243243
6.000000
8.000000
9.230769
9.836066
10.000000
9.882353
9.600000
9.230769
8.823529
8.407643
8.000000
7.609756
7.241379
6.896552
6.575342
6.276923
6.000000
5.743073
5.504587

-5.172414
-5.364706
-5.567010
-5.779037
-6.000000
-6.228374
-6.461538
-6.695279
-6.923077
-7.135135
-7.317073
-7.448276
-7.500000
-7.433628
-7.200000
-6.741573
-6.000000
-4.931507
-3.529412
-1.846154
0.000000
1.846154
3.529412
4.931507
6.000000
6.741573
7.200000
7.433628
7.500000
7.448276
7.317073
7.135135
6.923077
6.695279
6.461538
6.228374
6.000000
5.779037
5.567010
5.364706
5.172414

-4.800000
-4.945770
-5.094340
-5.244216
-5.393258
-5.538462
-5.675676
-5.799257
-5.901639
-5.972851
-6.000000
-5.966851
-5.853659
-5.637584
-5.294118
-4.800000
-4.137931
-3.302752
-2.307692
-1.188119
0.000000
1.188119
2.307692
3.302752
4.137931
4.800000
5.294118
5.637584
5.853659
5.966851
6.000000
5.972851
5.901639
5.799257
5.675676
5.538462
5.393258
5.244216
5.094340
4.945770
4.800000

-4.411765
-4.514851
-4.615385
-4.711316
-4.800000
-4.878049
-4.941176
-4.984026
-5.000000
-4.981132
-4.918033
-4.800000
-4.615385
-4.352332
-4.000000
-3.550296
-3.000000
-2.352941
-1.621622
-0.827586
0.000000
0.827586
1.621622
2.352941
3.000000
3.550296
4.000000
4.352332
4.615385
4.800000
4.918033
4.981132
5.000000
4.984026
4.941176
4.878049
4.800000
4.711316
4.615385
4.514851
4.411765

-4.026846
-4.093357
-4.153846
-4.206186
-4.247788
-4.275534
-4.285714
-4.273973
-4.235294
-4.164038
-4.054054
-3.898917
-3.692308
-3.428571
-3.103448
-2.714932
-2.264151
-1.756098
-1.200000
-0.609137
0.000000
0.609137
1.200000
1.756098
2.264151
2.714932
3.103448
3.428571
3.692308
3.898917
4.054054
4.164038
4.235294
4.273973
4.285714
4.275534
4.247788
4.206186
4.153846
4.093357
4.026846

-3.658537
-3.695300
-3.724138
-3.743119
-3.750000
-3.742204
-3.716814
-3.670588
-3.600000
-3.501326
-3.370787
-3.204748
-3.000000
-2.754098
-2.465753
-2.135231
-1.764706
-1.358491
-0.923077
-0.466926
0.000000
0.466926
0.923077
1.358491
1.764706
2.135231
2.465753
2.754098
3.000000
3.204748
3.370787
3.501326
3.600000
3.670588
3.716814
3.742204
3.750000
3.743119
3.724138
3.695300
3.658537

-3.314917
-3.328467
-3.333333
-3.327896
-3.310345
-3.278689
-3.230769
-3.164300
-3.076923
-2.966292
-2.830189
-2.666667
-2.474227
-2.252011
-2.000000
-1.719198
-1.411765
-1.081081
-0.731707
-0.369231
0.000000
0.369231
0.731707
1.081081
1.411765
1.719198
2.000000
2.252011
2.474227
2.666667
2.830189
2.966292
3.076923
3.164300
3.230769
3.278689
3.310345
3.327896
3.333333
3.328467
3.314917

-3.000000
-2.996058
-2.983425
-2.960813
-2.926829
-2.880000
-2.818792
-2.741652
-2.647059
-2.533589
-2.400000
-2.245322
-2.068966
-1.870824
-1.651376
-1.411765
-1.153846
-0.880196
-0.594059
-0.299252
0.000000
0.299252
0.594059
0.880196
1.153846
1.411765
1.651376
1.870824
2.068966
2.245322
2.400000
2.533589
2.647059
2.741652
2.818792
2.880000
2.926829
2.960813
2.983425
2.996058
3.000000

-2.714932
-2.698225
-2.673267
-2.639069
-2.594595
-2.538787
-2.470588
-2.388974
-2.292994
-2.181818
-2.054795
-1.911504
-1.751825
-1.575985
-1.384615
-1.178782
-0.960000
-0.730223
-0.491803
-0.247423
0.000000
0.247423
0.491803
0.730223
0.960000
1.178782
1.384615
1.575985
1.751825
1.911504
2.054795
2.181818
2.292994
2.388974
2.470588
2.538787
2.594595
2.639069
2.673267
2.698225
2.714932

-2.459016
-2.433298
-2.400000
-2.358382
-2.307692
-2.247191
-2.176166
-2.093960
-2.000000
-1.893831
-1.775148
-1.643836
-1.500000
-1.344000
-1.176471
-0.998336
-0.810811
-0.615385
-0.413793
-0.207972
0.000000
0.207972
0.413793
0.615385
0.810811
0.998336
1.176471
1.344000
1.500000
1.643836
1.775148
1.893831
2.000000
2.093960
2.176166
2.247191
2.307692
2.358382
2.400000
2.433298
2.459016

-2.230483
-2.198650
-2.160000
-2.113990
-2.060086
-1.997780
-1.926606
-1.846154
-1.756098
-1.656211
-1.546392
-1.426684
-1.297297
-1.158621
-1.011236
-0.855920
-0.693642
-0.525547
-0.352941
-0.177253
0.000000
0.177253
0.352941
0.525547
0.693642
0.855920
1.011236
1.158621
1.297297
1.426684
1.546392
1.656211
1.756098
1.846154
1.926606
1.997780
2.060086
2.113990
2.160000
2.198650
2.230483

-2.027027
-1.991266
-1.949458
-1.901212
-1.846154
-1.783944
-1.714286
-1.636936
-1.551724
-1.458564
-1.357466
-1.248555
-1.132075
-1.008403
-0.878049
-0.741656
-0.600000
-0.453972
-0.304569
-0.152866
0.000000
0.152866
0.304569
0.453972
0.600000
0.741656
0.878049
1.008403
1.132075
1.248555
1.357466
1.458564
1.551724
1.636936
1.714286
1.783944
1.846154
1.901212
1.949458
1.991266
2.027027

-1.846154
-1.808089
-1.764706
-1.715728
-1.660900
-1.600000
-1.532847
-1.459308
-1.379310
-1.292850
-1.200000
-1.100917
-0.995851
-0.885142
-0.769231
-0.648649
-0.524017
-0.396040
-0.265487
-0.133185
0.000000
0.133185
0.265487
0.396040
0.524017
0.648649
0.769231
0.885142
0.995851
1.100917
1.200000
1.292850
1.379310
1.459308
1.532847
1.600000
1.660900
1.715728
1.764706
1.808089
1.846154

-1.685393
-1.646209
-1.602374
-1.553694
-1.500000
-1.441153
-1.377049
-1.307628
-1.232877
-1.152838
-1.067616
-0.977376
-0.882353
-0.782852
-0.679245
-0.571973
-0.461538
-0.348500
-0.233463
-0.117073
0.000000
0.117073
0.233463
0.348500
0.461538
0.571973
0.679245
0.782852
0.882353
0.977376
1.067616
1.152838
1.232877
1.307628
1.377049
1.441153
1.500000
1.553694
1.602374
1.646209
1.685393

-1.542416
-1.502966
-1.459459
-1.411765
-1.359773
-1.303403
-1.242604
-1.177358
-1.107692
-1.033673
-0.955414
-0.873080
-0.786885
-0.697095
-0.604027
-0.508044
-0.409556
-0.309013
-0.206897
-0.103717
0.000000
0.103717
0.206897
0.309013
0.409556
0.508044
0.604027
0.697095
0.786885
0.873080
0.955414
1.033673
1.107692
1.177358
1.242604
1.303403
1.359773
1.411765
1.459459
1.502966
1.542416

-1.415094
-1.375981
-1.333333
-1.287066
-1.237113
-1.183432
-1.126005
-1.064846
-1.000000
-0.931546
-0.859599
-0.784314
-0.705882
-0.624535
-0.540541
-0.454201
-0.365854
-0.275862
-0.184615
-0.092521
0.000000
0.092521
0.184615
0.275862
0.365854
0.454201
0.540541
0.624535
0.705882
0.784314
0.859599
0.931546
1.000000
1.064846
1.126005
1.183432
1.237113
1.287066
1.333333
1.375981
1.415094

-1.301518
-1.263158
-1.221719
-1.177149
-1.129412
-1.078490
-1.024390
-0.967142
-0.906801
-0.843450
-0.777202
-0.708197
-0.636605
-0.562626
-0.486486
-0.408441
-0.328767
-0.247763
-0.165746
-0.083045
0.000000
0.083045
0.165746
0.247763
0.328767
0.408441
0.486486
0.562626
0.636605
0.708197
0.777202
0.843450
0.906801
0.967142
1.024390
1.078490
1.129412
1.177149
1.221719
1.263158
1.301518

-1.200000
-1.162672
-1.122661
-1.079936
-1.034483
-0.986301
-0.935412
-0.881854
-0.825688
-0.766996
-0.705882
-0.642475
-0.576923
-0.509400
-0.440098
-0.369231
-0.297030
-0.223741
-0.149626
-0.074953
0.000000
0.074953
0.149626
0.223741
0.297030
0.369231
0.440098
0.509400
0.576923
0.642475
0.705882
0.766996
0.825688
0.881854
0.935412
0.986301
1.034483
1.079936
1.122661
1.162672
1.200000

